1   v1        2640.818466    +-0.000181
2   v2        2374.062360    +-0.000227
3   v3        2318.880168    +-0.000229
4   v4        1363.500472    +-0.000208
5   v5        1199.525148    +-0.000227
6   v6        1149.992560    +-0.000252
7   v7        1159.757169    +-0.000227
8   J12         -0.241091    +-0.000371
9   J13         -0.235459    +-0.000390
10  J14          8.422117    +-0.000284
11  J15          5.752211    +-0.000279
12  J16         -0.169592    +-0.000306
13  J17         -0.560001    +-0.000338
14  J23         -8.115247    +-0.000311
15  J24         -0.458213    +-0.000298
16  J25          0.092641    +-0.000264
17  J26          6.399639    +-0.000332
18  J27          7.254143    +-0.000328
19  J34          0.189574    +-0.000293
20  J35         -0.517090    +-0.000281
21  J36          7.296046    +-0.000333
22  J37          6.099664    +-0.000326
23  J45        -12.652969    +-0.000304
24  J46          8.284054    +-0.000335
25  J47          6.589452    +-0.000382
26  J56          6.397012    +-0.000360
27  J57          8.160650    +-0.000383
28  J67        -12.169763    +-0.000794
29  LW           0.186162    +-0.000156
30  Magn     1.684037e+06    +-1.092271e+03

THFCOOH

Line Broadening: 0.000000
Theoretical spectrum linewidth: 0.186162
RSS Value: 4.971452e+12
R-Factor: 4.24 %
Spectra correlation coefficient: 0.999099

Chemical shifts (ppm):
     4.401     3.957     3.865     2.272     1.999     1.917     1.933
J-coupling constants (Hz):
             -0.2411   -0.2355    8.4221    5.7522   -0.1696   -0.5600
                       -8.1152   -0.4582    0.0926    6.3996    7.2541
                                  0.1896   -0.5171    7.2960    6.0997
                                          -12.6530    8.2841    6.5895
                                                      6.3970    8.1607
                                                              -12.1698

Parameters correlation coefficients:
  1   1.000000
  2  -0.000444  1.000000
  3   0.001813 -0.016900  1.000000
  4   0.000517  0.007273 -0.001638  1.000000
  5  -0.001810 -0.000467 -0.002031  0.000297  1.000000
  6   0.000664  0.001276 -0.001119 -0.003938 -0.040477  1.000000
  7  -0.002197 -0.000885 -0.004062  0.003898 -0.017374 -0.594855  1.000000
  8   0.022799  0.061613 -0.032230 -0.001449 -0.001284  0.002612 -0.003463  1.000000
  9   0.012983 -0.026063  0.112914  0.001638 -0.002607 -0.005279  0.005513 -0.308759  1.000000
 10   0.191581 -0.009937  0.000894  0.003990  0.000103  0.000467  0.000437 -0.007600 -0.002414  1.000000
 11   0.012543 -0.002111 -0.004441  0.000378 -0.043761  0.007446 -0.004789 -0.029001 -0.022441 -0.031561  1.000000
 12   0.048279 -0.001511 -0.008166 -0.003317  0.005435  0.014179 -0.012008 -0.029728 -0.053784  0.034372  0.015501  1.000000
 13  -0.111211 -0.001817 -0.002732  0.002846  0.008470 -0.013198  0.029561 -0.023577 -0.019945 -0.037075 -0.065261 -0.485807  1.000000
 14   0.003429 -0.088282  0.045396 -0.003986  0.002557  0.003516 -0.002214  0.039410  0.062244  0.003770 -0.003450 -0.003240 -0.004043  1.000000
 15   0.012613 -0.132683  0.004795 -0.061589  0.002118  0.005803 -0.003046  0.012185  0.002486  0.070259 -0.003753  0.002763  0.009234  0.068860  1.000000
 16   0.003619 -0.048378 -0.005844 -0.001866 -0.004237  0.002932 -0.007316  0.122380 -0.047315  0.002259  0.016072 -0.004276 -0.008949 -0.035083  0.025963  1.000000
 17   0.001614 -0.002644  0.000311  0.008021 -0.006033 -0.092321  0.048719 -0.019438  0.005935 -0.002875  0.002607  0.032906 -0.024103  0.001736 -0.072992 -0.013642  1.000000
 18  -0.006023  0.018305  0.000054 -0.016548 -0.003787  0.050513 -0.030626 -0.006577 -0.006271  0.002832  0.002254 -0.030097  0.062158 -0.032359  0.083710 -0.006284 -0.473120  1.000000
 19  -0.000783 -0.001208 -0.022760  0.008406  0.000164  0.000056 -0.002764 -0.066248  0.205321 -0.022521 -0.002608 -0.009595 -0.011899  0.011874 -0.036309 -0.008571 -0.000113  0.000042  1.000000
 20  -0.002488 -0.001205 -0.049203 -0.000495  0.033014  0.020004 -0.033126  0.022571 -0.045004 -0.004879  0.040913  0.005005  0.011022  0.038774  0.008264 -0.015735 -0.001389 -0.000720  0.000715  1.000000
 21  -0.000120  0.002985  0.017852  0.004327 -0.022742 -0.054615  0.012651 -0.014068  0.041539  0.001414  0.001059 -0.035193  0.010938 -0.051954  0.000965 -0.000848 -0.030126  0.012784  0.001075 -0.007003  1.000000
 22   0.006885  0.000402  0.033100 -0.025377 -0.000890  0.012083 -0.106264  0.017622 -0.029473 -0.002900  0.006527  0.042853 -0.071801  0.028027  0.003594 -0.001057  0.007692  0.034676  0.017593  0.007788 -0.377469  1.000000
 23  -0.009012  0.000450 -0.001300  0.060486  0.044774 -0.001700 -0.017605 -0.001323 -0.004473 -0.041431 -0.010134 -0.004475  0.007292  0.000981 -0.002311 -0.002109 -0.011480 -0.002190 -0.005689  0.023672 -0.013108 -0.002510  1.000000
 24  -0.002824  0.013705  0.002085 -0.047225 -0.024838  0.053124 -0.045205  0.002572  0.003069 -0.010984  0.003574 -0.013129  0.001799 -0.002327 -0.058352 -0.004044 -0.107031  0.061960  0.019909  0.008378 -0.046898  0.063578  0.044344  1.000000
 25   0.001974 -0.009091 -0.009068  0.122281  0.002159 -0.052946  0.063862 -0.000101  0.001256  0.015251 -0.000631 -0.007035  0.015136  0.001862  0.014750 -0.003506  0.053124 -0.107321 -0.019497 -0.010338  0.032331 -0.199060  0.018791 -0.427812  1.000000
 26   0.001279 -0.005007 -0.002788  0.006877  0.149282 -0.284473  0.174073 -0.005867 -0.004303  0.002500 -0.016326  0.023544 -0.009913  0.004730  0.005534 -0.007851  0.012913 -0.028182 -0.002942 -0.061706 -0.140368  0.009594  0.005866 -0.116584  0.067665  1.000000
 27  -0.005862  0.003117 -0.001556 -0.006915  0.006411  0.201533 -0.268183  0.008389 -0.008362 -0.007023  0.034991 -0.019307  0.035469 -0.000960 -0.001561 -0.006616 -0.012281  0.066384 -0.000338  0.092938  0.039850  0.052175  0.016255  0.087990 -0.063634 -0.450333  1.000000
 28   0.000460 -0.001470 -0.001563 -0.000873  0.018307  0.453854 -0.511821 -0.003375 -0.002469  0.000912 -0.007020 -0.005211  0.004543 -0.000663  0.001762  0.012709  0.009660 -0.033110  0.000748  0.008503 -0.036985  0.008985  0.018390 -0.054804  0.017412  0.050858 -0.075728  1.000000
 29  -0.004255  0.003724 -0.000326 -0.000848  0.001226  0.006958 -0.009054  0.048503  0.024725 -0.019117 -0.007734  0.022736  0.019807 -0.017927  0.012647 -0.014873 -0.025074 -0.021009  0.009927  0.047719  0.003632  0.000590 -0.000643  0.028738  0.001756 -0.020394  0.048420 -0.004847  1.000000
 30   0.000849 -0.003565 -0.002961  0.001751  0.009312  0.011308 -0.032723 -0.071215 -0.052102  0.020002  0.015445 -0.044923  0.002706  0.004434 -0.053150  0.033344  0.036969 -0.102424  0.003940 -0.055917 -0.004453  0.014053  0.013460 -0.013000 -0.021044 -0.024143  0.108417 -0.004748 -0.890860  1.000000

Modified by DJ to test all combinations
*****************************************************
***                ANATOLIA V1.2                  ***
***      Free open-source software for total      ***
***       lineshape analysis of NMR spectra       ***
*****************************************************
***       Copyright 2021, Dmitry Cheshkov,        ***
***      Dmitry Sinitsyn, Kirill Sheberstov       ***
*****************************************************

When publishing results obtained with this program, please cite:
D.A. Cheshkov, K.F. Sheberstov, D.O. Sinitsyn, V.A. Chertkov, ANATOLIA: NMR
software for spectral analysis of total lineshape. Magn. Reson. Chem., 2018,
56, 449, DOI: 10.1002/mrc.4689.
