1   F1(2)       1320.778689    +-0.000194
2   F2(5c)      1187.635526    +-0.000222
3   F3(5t)      1159.880327    +-0.000224
4   F4(3t)       681.837585    +-0.000251
5   F5(3c)       600.211346    +-0.000239
6   F6(4t)       575.239959    +-0.000389
7   F7(4c)       580.267988    +-0.000336
8   J12           -0.245424    +-0.000387
9   J13           -0.234837    +-0.000427
10  J14            8.417055    +-0.000306
11  J15            5.746574    +-0.000314
12  J16           -0.169940    +-0.000544
13  J17           -0.555922    +-0.000540
14  J23           -8.113676    +-0.000362
15  J24           -0.460958    +-0.000352
16  J25            0.090780    +-0.000344
17  J26            6.400225    +-0.000503
18  J27            7.257696    +-0.000494
19  J34            0.191849    +-0.000334
20  J35           -0.517831    +-0.000336
21  J36            7.293706    +-0.000489
22  J37            6.102112    +-0.000508
23  J45          -12.650461    +-0.000381
24  J46            8.287353    +-0.000549
25  J47            6.586826    +-0.000511
26  J56            6.388497    +-0.000507
27  J57            8.168182    +-0.000607
28  J67          -12.167494    +-0.000800
29  LW             0.202299    +-0.000163
30  Magn       4.430680e+06    +-3.658080e+03

THFCOOH

Line Broadening: 0.000000
Theoretical spectrum linewidth: 0.202299
RSS Value: 2.278082e+13
R-Factor: 4.77 %
Spectra correlation coefficient: 0.998862

Chemical shifts (ppm):
     4.401     3.957     3.865     2.272     2.000     1.917     1.933
J-coupling constants (Hz):
             -0.2454   -0.2348    8.4171    5.7466   -0.1699   -0.5559
                       -8.1137   -0.4610    0.0908    6.4002    7.2577
                                  0.1918   -0.5178    7.2937    6.1021
                                          -12.6505    8.2874    6.5868
                                                      6.3885    8.1682
                                                              -12.1675

Parameters correlation coefficients:
  1   1.000000
  2   0.001492  1.000000
  3  -0.002812 -0.077780  1.000000
  4  -0.002609  0.000533  0.006180  1.000000
  5  -0.019436  0.002265  0.000446  0.024132  1.000000
  6   0.004249  0.009858  0.015888 -0.042425 -0.263678  1.000000
  7   0.000287 -0.006105 -0.021024  0.014815  0.116419 -0.764830  1.000000
  8  -0.029224 -0.047033 -0.028394 -0.001827 -0.011827  0.013760 -0.007115  1.000000
  9  -0.043850  0.017064  0.061244 -0.006526  0.002190 -0.000893 -0.004124 -0.358735  1.000000
 10  -0.000692 -0.000202  0.009631 -0.032043 -0.005648  0.015154 -0.011259  0.034677  0.088717  1.000000
 11  -0.164443  0.008240  0.004829 -0.005422  0.026816  0.052012 -0.013471 -0.025253 -0.034739  0.058400  1.000000
 12  -0.047602 -0.000629 -0.001905  0.000528  0.019987  0.004301  0.002067 -0.051458 -0.031281 -0.073507 -0.040735  1.000000
 13  -0.045817 -0.003430 -0.000663  0.003381  0.023431 -0.028659 -0.016586  0.020194  0.001585  0.006969 -0.067371 -0.667136  1.000000
 14   0.000930 -0.168909  0.247088  0.007368  0.002675 -0.013039  0.001319 -0.037721  0.003184 -0.004338 -0.001827  0.002199  0.003368  1.000000
 15  -0.000439 -0.010672 -0.008906 -0.048743  0.007069 -0.000672 -0.007931 -0.069160  0.024230  0.003771  0.011334 -0.009260  0.013164 -0.063622  1.000000
 16  -0.008778 -0.003776  0.011116  0.031421 -0.049379 -0.029905 -0.009960 -0.023790  0.001700  0.010250  0.040133 -0.049626  0.063875  0.029806  0.102738  1.000000
 17   0.003670 -0.026095  0.004775 -0.011223 -0.068369 -0.099779  0.072314  0.018403  0.010472  0.008659 -0.021640 -0.012181  0.028750  0.028209 -0.044437 -0.128049  1.000000
 18  -0.009347 -0.008679 -0.000280 -0.000659  0.016323  0.068121 -0.079727 -0.006272 -0.022868 -0.016159  0.028589  0.041859 -0.043231 -0.009766  0.005715  0.017704 -0.691318  1.000000
 19  -0.003271 -0.000994 -0.067698 -0.029375 -0.001691  0.005478 -0.004026 -0.030469  0.085906 -0.033304 -0.001501  0.002287 -0.003867  0.031043 -0.064971 -0.000652  0.035902 -0.045990  1.000000
 20   0.001732  0.009803  0.043831  0.005507 -0.037284 -0.008070 -0.015483  0.008712  0.024626  0.014719  0.013222 -0.026142  0.019062 -0.029335  0.007125  0.018408  0.033944 -0.031690  0.057310  1.000000
 21   0.002467 -0.006155 -0.065061 -0.027697 -0.039374  0.108392 -0.106045 -0.014593  0.040500  0.013177 -0.030274 -0.060179  0.083676  0.029691 -0.009069  0.016513 -0.063868 -0.013385  0.014358 -0.089327  1.000000
 22  -0.002152 -0.003511  0.014848  0.027623  0.020926 -0.130809  0.118413  0.015495 -0.061167 -0.017797  0.038075  0.093013 -0.129848  0.019611  0.014789 -0.001293 -0.018049  0.112157 -0.110050 -0.014417 -0.712599  1.000000
 23  -0.009104 -0.000093  0.003978 -0.054065  0.187204 -0.262355  0.143389 -0.009092  0.003440 -0.018726 -0.018051  0.038494 -0.001472  0.008828 -0.023794  0.053735 -0.077839  0.041395 -0.001006  0.031448 -0.073674  0.056655  1.000000
 24   0.005853 -0.001905 -0.017596 -0.117949 -0.144508  0.248551 -0.150317  0.014080  0.001015  0.006767  0.036454 -0.027388 -0.023138 -0.014039 -0.014297 -0.064237  0.159368 -0.109276  0.019172 -0.039212  0.119284 -0.125876 -0.223824  1.000000
 25  -0.010627 -0.001558  0.007182  0.121083  0.010991 -0.107573  0.062179 -0.008657 -0.001717  0.002700 -0.027885 -0.029275  0.112620  0.007786  0.028588  0.039649 -0.038466 -0.004064 -0.009865  0.003351 -0.015209  0.005071  0.075824 -0.660255  1.000000
 26  -0.008747 -0.006714 -0.023011  0.032017  0.220544 -0.567821  0.503228 -0.020162 -0.005840 -0.013487 -0.055122 -0.070622  0.073079 -0.000140 -0.000819  0.046030  0.011123 -0.027054 -0.009295 -0.038630 -0.060031  0.051571  0.075905 -0.095482  0.084487  1.000000
 27   0.006467  0.017666  0.030049 -0.079528 -0.032847  0.542442 -0.520587  0.022525  0.000726  0.013558  0.105591  0.059082 -0.052585 -0.002239 -0.000611 -0.021502 -0.058399  0.036201  0.008773  0.014715  0.056454 -0.028524 -0.155803  0.128252 -0.109519 -0.650721  1.000000
 28  -0.003065  0.006176  0.038187  0.102194 -0.150369 -0.066733  0.045882 -0.038387  0.024654  0.013590 -0.041841 -0.017959  0.007224  0.049788  0.050235  0.111324  0.039483 -0.041660 -0.001231  0.005357 -0.048092  0.088099 -0.076456 -0.254736  0.211174  0.044981 -0.129180  1.000000
 29   0.002027 -0.000270 -0.008218 -0.013565 -0.011462  0.054147 -0.043451  0.047986 -0.020346  0.007508 -0.027035 -0.003116  0.024930 -0.017861  0.017789 -0.031312 -0.019594  0.000449 -0.000260  0.041888  0.037995 -0.031473 -0.014732  0.036929 -0.013779 -0.038779  0.039541 -0.105158  1.000000
 30   0.007288  0.010330 -0.005346 -0.067931 -0.016791  0.305482 -0.304165  0.006607 -0.038013  0.003958  0.014915 -0.228916  0.213276  0.010855 -0.021419 -0.030435  0.057955 -0.172323 -0.057549  0.015503 -0.170922  0.442603 -0.072166  0.386751 -0.544844 -0.191325  0.280400 -0.091441 -0.156668  1.000000

Modified by DJ to test all combinations
*****************************************************
***                ANATOLIA V1.2                  ***
***      Free open-source software for total      ***
***       lineshape analysis of NMR spectra       ***
*****************************************************
***       Copyright 2021, Dmitry Cheshkov,        ***
***      Dmitry Sinitsyn, Kirill Sheberstov       ***
*****************************************************

When publishing results obtained with this program, please cite:
D.A. Cheshkov, K.F. Sheberstov, D.O. Sinitsyn, V.A. Chertkov, ANATOLIA: NMR
software for spectral analysis of total lineshape. Magn. Reson. Chem., 2018,
56, 449, DOI: 10.1002/mrc.4689.
